-7.741930133866773
-5.921044776031762
-5.610551528234718
-5.298005754861325
-4.304654552264291
-3.6667012993937314
-3.6667012993937314
-6.774213821435379
-5.863207815243088
-4.318943602671464
-4.026823578313692
-2.7118588954696574
-0.34014191997171356
-1.3377997775056998
-3.606553385433378
-8.360133859188847
-4.026823578313692
-0.34127440088204924
1.0204095676927611
4.195780246577087
4.195780246577087
4.895113712378056
4.895113712378056
3.6961552825982293
1.5319136459228475
-2.094210243077772
-0.6437730417526667
-3.1820700592823945
-2.094210243077772
-4.665261543913749
-1.8000938370294193
-2.1422393305822385
-7.722783915897822
-9.058866212661593
-8.036657410382734
-5.132559616342755
-6.197101455306212
-10.277881472447731
-12.84689035095241
-14.89765254750989
-17.007638468050683
-17.560946756407077
-17.560946756407077
-16.961121099596536
-14.999999188808417
-11.11111111111111
-14.233566507302841
-14.232194476424409
-16.296306391123313
-19.083960630984105
-19.402982671230355
-22.014930306421903
-16.666677671202518
-14.06251178366517
-14.341093511923738
-15.503867984305758
-15.23437039050744
-17.600009303391747
-15.789478040064992
-19.834719004756856
-15.67797609303008
-20.33897000094029
-20.33897000094029
-18.72339788036
-15.546200342847735
-11.249993848464786
-10.638305892450298
-7.860266015113905
-11.06193064896553
-5.660404547407143
-7.870389989464571
-6.220076298425976
-4.6511530862312735
-3.636337356437995
-6.334824073432206
-1.8348748116184699
1.3824690646915656
5.82524946244587
3.846158466105497
7.216497862865736
9.547768891157432
10.63828527665657
2.659553196802669
0.0
-12.93534856955274
-17.84039994280073
-13.80952010121941
-14.218015549718254
-5.970144362609162
-8.499965674427612
-9.045215691945586
-7.1428645925739245
-9.26828735927133
-16.037752172513947
-11.111123302930707
-16.822429212186485
-19.090902755569868
-15.596342128005308
-13.888889180984584
-10.576919401961536
-13.761467316386838
-12.499993175071431
-7.772013133738165
-7.853417959430523
0.0
-4.571415332780983
-9.392251881915108
-7.734803787283955
-13.22752073059621
-14.754130712385827
-6.629842573803053
-7.1428776454981
-8.60214219968526
5.617990718528936
-2.7173946587551736
2.809017689817554
4.4943874706967355
3.8043586943667993
3.7634269089221553
3.225822405326648
1.5957403751836545
10.439565925216879
19.101146750461098
25.0
25.7142947996321
28.742502550153
33.536594824123796
29.9401360081605
30.487790183950526
33.97436709427487
17.58581653809872
24.49707031184376
23.011732652538242
11.99999951673702
21.564257946156122
13.661171461822253
9.591406778289802
3.204189247483141
2.4663300852045396
3.0833205817151064
5.968595508640995
2.288540460431442
-3.0188892107209746
-2.8363520168822283
-7.927263548070133
-4.595336312305593
-6.8493325435860175
-8.866369400770813
-8.411198685511888
-4.382777119470595
-2.979077121076792
-8.745237440707365
-10.252485251844416
-12.234061086381656
-11.470571165888533
-5.23076175484747
-2.3548006374538106
-1.5422201238276896
-5.016171900276628
-6.628957193715642
-6.7194060232258686
-10.116737406567006
-7.704282175975546
-10.55389267288482
-8.767782728571577
-12.948498791497883
-8.235308657343014
-1.6990229096464922
-1.2245049791506564
-2.4019348185331997
0.6639064666469017
-0.4166836474647927
3.410066578308668
4.155845145491537
-2.4086487144209157
-10.876642727492975
-11.575570057868072
-4.039562540715793
-1.9591119613036425
-3.9826618858803178
-4.999990676451141
0.3463419376589615
-4.131507694068136
-6.6108593508932305
-2.8571335512652634
7.078830905760627
1.0256686520236
-5.925932243847567
-6.033037383073416
-6.152546158653043
-6.100582585832391
-5.3556550717053755
-7.33718408011845
-6.4006480294669545
-3.8297865657001475
1.5482918238219674
1.7272610186272859
-4.209618567002034
-4.691568029046867
-0.991910989846901
-1.5164742818240384
-6.384800862480549
-4.573435360322326
-2.688211537472037
-3.2976570835179726
-8.61923965477353
-7.5296314351368006
-4.636914082682204
-6.596331253439708
-8.216796667053003
-4.47758887364196
-3.801927824321895
-3.6476900070353966
-5.950280106438627
-8.407071141181751
-6.726471301210724
-6.791758488302636
-7.892383487081399
-2.4612716659779994
-1.001809648086346
-2.4456465482933334
1.1981164661366812
0.460808993233092
1.0129251550400205
-1.382512023948459
-6.318700211338767
-3.202184472970505
-4.403683106937736
-3.201498825333346
-2.095239962266093
-6.8934157875591
-7.536782646409038
-6.463537073099533
-8.40415229347799
-3.3816499663140034
-3.653834958337572
1.054657838471365
-0.8763415563297399
-8.317760462524722
-9.015645669974651
-9.93502466479278
-12.568281990155207
-16.422020499329285
-15.314513114078853
-11.214947939369393
-10.068405138260397
-16.918704530589952
-14.971209121530121
-17.31518206903836
-16.6342438310017
-15.794653950469502
-14.81112813703993
-19.052301283961096
-13.917525320570137
-13.000026617217797
-12.574839016289888
-18.311198896117762
-13.555985552583289
-8.154937953202744
-5.662272052679404
-5.0515353325971
-5.833340727004941
0.8781559667452499
-2.583423553654273
-3.5789531725969534
-1.7391381499181902
5.119444995563187
3.72461680210541
10.352959822648698
12.48542523366421
8.558043435479393
7.3512396523093075
10.365845266432332
8.98204692281536
4.482781408326607
0.45660883208677877
2.671301339908606
-1.022738445726965
-0.8879181650956891
-6.002144136421358
-3.691645480143814
2.212385628397216
-3.5908706312326495
-4.419890412725203
-5.895191380142811
-4.867268796860836
-17.748915953186867
-18.171917316505308
-20.149268300803698
-24.585062225387976
-26.02592996233501
-23.26088692427247
-25.414356147898193
-22.19780934629825
-22.222222222222225
-19.31818942572058
-19.796381053290496
-22.38805690401665
-22.172451953674468
-21.89282650638898
-22.209705048785626
-24.458883038477516
-22.009019173133243
-18.265885528255573
-12.180970083809864
-13.255798118471821
-5.1315946031111075
0.9308475243061485
0.5340502396711122
2.063260378640615
9.489067431957837
9.915049081758562
12.59259243680822
12.853110530645138
13.01272596777502
13.380290279180414
13.822285346045927
12.573996664604833
12.661883787641488
14.598538179486567
15.942045533917849
17.478521654471734
19.247467884455638
19.236200985537405
9.114898150404551
9.919559388223576
14.563104406660592
11.594165898426176
16.201849928733232
19.40700176912455
20.533332424798907
19.07214033693552
17.499981788217703
14.267834315405528
12.765961227026127
14.782606855520275
13.135077494050332
13.797617765142675
15.070246801128986
12.993644959730785
15.750003615505733
18.170724328598993
23.422335344929028
26.571788531654683
31.719165115391572
28.902433039078133
28.329329363650267
31.877252617748287
21.371434569610944
24.71784741525328
18.805317099812825
12.987006801717769
16.46137126376238
12.267260145505135
13.207521752659757
11.255412552327991
16.538905300844363
21.131620689844528
17.09211153432569
21.533233535593528
19.330447967992804
14.344681591356501
10.521121003151055
6.935330987802943
4.9632043059351805
8.514670681079926
8.396215814953598
-2.1486315714825546
1.883256226374927
-0.9954888668878102
-2.7933110054910975
2.969367010499083
0.4807821259476338
7.317053578600693
10.196088582963586
8.6575910345192
8.082681211540969
10.20021361441752
5.971555684372258
4.823778819114351
2.7149468628743088
0.6317859106546594
-2.491081651348961
-3.4180769152530788
-1.4886130172373369
-2.0052413260657787
-2.1758138275252326
5.672464259211843
4.805918331092873
5.484465273102771
14.846739869580356
10.976745746131195
5.263142165262524
-1.6363430347790606
-5.249099640045455
-3.312449843499332
-7.391298658751229
-9.688599437655258
-1.3416604665623317
-2.477898129828717
-1.233512959809487
4.035873868533443
5.291949755241399
8.71141653807848
6.044474409261653
5.871917414490674
6.583610824994388
3.3766218761903035
3.0864204871892698
1.2131610558810977
-5.170948726925674
-4.610259684085832
3.636377362931943
6.377078767023543
9.295776487725186
8.51852949644884
11.267620183541027
13.122596546410303
6.890289697654782
8.620727967717452
5.709221555612296
1.3793471426323187
2.16638670658071
-1.5859483785145918
-3.3529036937171157
-4.789905916716291
-6.59431836373691
-3.2663302542758044
-2.6518732722336997
-0.17123140949331592
2.990317357739378
6.766282975266416
10.087721018656937
7.298017323253505
5.84192798191225
4.436857174488087
3.628686660531893
4.318394111257271
3.9864153290628965
-0.08356812222140338
-0.08439641974693828
-0.6803322600340966
0.0
-5.597957483124967
-5.8109478328334445
-8.737894610558625
-3.1277501296212185
-1.6450289503217461
-2.4604359175068655
-5.060012179701487
-4.099072723724043
-6.995878763463131
-9.00400385199602
-8.340118028991037
-6.81818509164938
-11.437894662615447
-14.413683365845257
-11.525976130346026
-11.092970679079347
-7.274234475943091
-6.5033780188887595
-6.849286764693824
-5.089080169654258
0.628934828484996
-1.3811938399405803
4.0618944624920665
0.09225336891113353
-7.922511131592631
-8.558550723822151
-4.7877140109387515
-10.41852858169667
-8.584079568114522
-8.056022656184684
-7.685493373941165
-7.5784141453986456
-0.9225205933105086
-3.8059263825623644
-6.422040034903562
-4.86240443848248
-7.213731700362606
-8.581744149357277
-10.386051429683821
-11.88559638382495
-7.4107404276246225
-10.550883840827261
-13.847578505633276
-12.534573758223125
-3.1549055653636437
1.871908119424712
-1.8026440107721493
-1.8886621848601934
-0.9680663436847055
-0.09524739818787442
0.28706183386480716
-1.6022515881192843
-1.117334976386176
1.0880890674018844
-2.8431163991130908
-7.232383520763321
-6.511157920179167
-2.766794815064354
-8.717928110162152
-9.026358932466183
-10.607505869307792
-4.488541148183491
-3.775613978211904
-7.060071704747273
-14.01775476794332
-22.533855184190482
-18.743971907856192
-10.942239928442557
-13.098713214632141
-14.966623170161103
-16.603039307816694
-16.09193636179081
-11.958555062762835
-8.121350594482315
-6.054494591180283
-2.9105994898937864
-7.276502413884899
-7.113836855077118
3.8202148262730975
2.787063196696555
0.3236102728957056
-1.639326331493515
-3.3632308226916803
-1.4739220448205808
1.0333064682398374
1.1236079513080486
-3.091564162415723
-10.12515361678036
-7.874042089498211
-5.941703277610108
-0.4576862533405543
-2.9680586917325957
-9.304833026439814
-12.034104205244477
-13.96348784295331
-13.276235819823656
-9.977605728248298
-13.566744805972682
-15.584417380146448
-18.112789422335872
-20.537629008630308
-14.9999988170124
-12.993040245565151
-15.304948601708698
-13.06818388046643
-7.407403837348843
-11.288357973731221
-8.481024099524783
-14.407786746722737
-21.2157400335489
-20.11493746481631
-19.41176730927393
-17.099038925681942
-12.83291403147544
-13.732821644617015
-5.432103741877362
-6.226632306688433
2.5316504600354373
7.435914375720132
12.317851271120784
6.7658986819564335
12.418289192123408
14.933334393290169
17.255413542398102
11.111101832777152
11.0666591712576
17.42742271727288
15.62934999582273
21.68328958136015
32.82905489134052
23.741011676140108
29.927033317562472
23.89756250389351
26.25000135550661
24.457293755191838
15.535265618564306
16.73308207492826
8.395067029391104
12.171814158377568
8.018882493407848
11.153369810136313
1.7441833113723981
1.7401362307579877
2.20164033662102
3.7647149401907867
3.241289511609032
3.4157737619744033
3.9473632821620477
1.524048696931458
-0.911186039044087
-2.2092873063081218
-2.2472189692281885
-0.8036547392714162
-4.730466630419615
1.046523192267553
-5.649731606209041
-6.02960246532979
-7.744879226943785
-12.659581577257335
-10.807862486835711
-9.80615217741608
-9.599981959099066
-7.639682437037471
-7.709747318682209
-7.709747318682209
-4.534889815012364
-11.161737947189488
-9.896435632598315
-5.889154837952988
-4.7126318623491645
-1.3079931498692694
-1.4942359938321421
0.34719038835834476
-0.2309448378947838
3.2220987413720183
6.826360081604882
12.22762243257637
14.197533514695548
11.449448497150193
9.302313862978757
12.262935138246215
10.998732782596564
10.493827214585624
14.742015706121483
7.616719014591725
7.795399540649152
16.538467208402192
14.559395586703838
8.588968970133672
7.478876606365974
8.433756885737479
4.31738577681703
3.921592385127785
-3.009257205461601
-7.4693673493546555
-8.295962466299773
-11.542612744076376
-12.216227821764873
-13.879774926678026
-9.630455557322758
-6.644138743360077
-7.972675736704811
-9.385456057179297
-13.276235819823656
-7.648410632107433
-10.734476417365347
-14.191423316755106
-12.48608110340846
-9.03955613347724
-10.325460263917016
-14.33333798641788
-11.744971052134101
-13.984464918050865
-6.324606556449497
-8.554190748664546
-6.968201209684248
-5.3658327152223055
0.7389360855338551
2.538076141293406
0.49569383680118406
-0.2412353028408415
0.8663422762222872
5.302096749518367
6.419758171048614
-1.8541464999464388
2.0253257588581097
4.102555562653478
2.4203929122728858
0.49689886787649745
-2.503124775136119
3.112850210378485
0.7604676642686389
0.12905402602127491
2.4203929122728858
8.036880406790598
5.387622657207124
3.7370936232652294
0.24448793634775493
1.6089012911285547
1.233008305008732
-1.0882740653762708
0.8589012515689587
-1.6393794153720966
-2.436194016761976
4.4080531239498875
1.9851117936430704
-5.911313858500041
-8.333335540399785
-6.427684469941609
-0.7702296793869909
-4.905675268935491
-4.779867891093013
-0.12888769126664942
-4.1044814660712605
-4.512194625814237
-2.3690786751058157
-5.217398434858945
-4.024385356425366
-2.8014418560498933
-1.9488261101338937
-2.4449921666849557
-1.2165602021060835
-6.309507452907362
-8.680146310095946
-6.513866898732033
-4.866171728860295
3.4031299062432874
9.090911717500635
9.114898150404551
6.2095651211766665
9.656090443355641
12.285317075178654
11.096777880629013
11.543446303591649
12.771389141098414
12.64368087001169
16.382692261000138
11.817026488789837
11.779451631019597
10.310543496528016
12.406016977027448
9.113300298838428
15.374836745463252
18.489587352679933
19.870958796037943
16.879781398445434
16.45571451315595
11.194029126037876
7.627143331115452
10.109643514630468
10.373931415369261
4.588249725748658
3.832747816316242
8.604667381686442
8.833509347960268
7.93651879429261
12.725255253584624
15.909063961905426
12.21973839053596
9.909936265736143
9.921949728015736
15.688508064758402
12.004413533899246
10.769221649326933
4.628634822013206
11.05033609531163
6.739124648430922
11.185679911020284
10.798650707592888
11.061935993673423
13.005480995863177
14.510673914055392
14.093939856115362
6.531056272335374
6.347607108710175
7.142823591742292
1.098901956034835
-2.9411582550317164
-2.497505090154989
1.331944486665139
-1.4198803258019972
-3.7073258896296846
-1.6715787983792192
2.6785938107777447
6.481509135914402
1.773390319996831
6.6191549002174055
5.332013338102407
8.426390013327508
9.760949063402496
7.833666354650831
8.055002371320803
5.3921907354934575
7.336671759576244
7.044959578647281
9.11767687912223
12.5493759893346
13.535342686774193
12.192598406254076
10.21235143964821
17.078172336621915
12.158063542040393
8.199998225518817
5.4106070281930885
4.444432100228453
4.5498527231984935
6.494736451760458
6.2082026651994555
6.0861720050642525
1.0889327030907126
-1.6143419083908133
0.1818166097154832
1.767416260335241
2.153555774873476
-0.36561458181405093
-1.1680327568283366
-3.5118408867983506
-0.44485179637209865
3.470360907188883
6.055057760181286
1.9332433098295136
3.794030138418515
5.545257077392041
6.232824451319295
9.343200302722241
11.111132288049872
4.484297225201443
4.7661801736821445
4.589568683686025
4.308798019716828
7.657217735209504
7.894749215508451
6.1243297195761155
5.041251243926101
5.504577836239795
5.363657739540173
8.917222751570604
6.702422289749432
5.030880352377751
0.7785305712091685
2.93101477567741
3.307200941349274
4.378308312934045
1.6393266929255161
-0.5922143568565318
-2.833367176630847
-1.8025563011728398
-0.42917775070208475
-2.109712829950915
-0.6024135758771967
-4.995756269344255
-5.803184013632794
-4.306637226680976
-2.8795775037389526
-4.434777960828834
-3.7100835117715363
-6.18214352085255
-7.286413938472984
-6.890784120810239
-2.5750908747727395
-5.108836656974092
-5.138977056533227
-4.949641650053234
-5.517812088973289
-5.446820715598904
-4.202380520464308
-4.45807347940002
-2.15516260245183
-3.620706703696625
-2.683981018608359
0.53476734207669
-2.5000031687164035
0.45006982927922967
-1.0781703475221818
2.47957215073669
0.20019198739775917
0.3786866549644707
1.2863979453334093
0.8332568341723862
-1.477162506198949
-0.5957494526987291
3.7597255284061757
4.3567780940415215
6.952261320473017
7.325174445422629
7.197188179469878
9.551036333007195
5.408837322450279
5.308836302579655
8.669112925292243
8.017251230307041
10.293648696133237
8.819571342627677
10.302145333404246
8.45195713277081
9.319025695896814
9.24442736230812
8.579076625644467
8.968609552087608
8.870966257453546
8.718876831051295
4.202390659763699
2.0338984678826324
-0.25252823389803586
1.2605132558249057
2.175734429963823
2.5104545960565403
3.7688480818866505
5.106383337881001
0.41018878086294586
1.8092088304210767
4.908479174240809
3.0527890774769753
3.960402347220276
2.543069328046315
2.8688280438109963
0.0
2.716052852069478
3.04528074331379
4.032935265840678
8.428788487192836
8.641974156989392
9.219261000951587
12.742599477405165
9.543546023510718
5.2416037638864115
5.959185613606531
2.0984859828505034
1.7813861971306022
3.3496662568244386
-1.3731760864518774
-2.616979354064935
-0.72057382293024
1.5872923065108175
1.2000086138306738
-10.358548578925033
-6.183888191914186
-6.650641212114686
-6.389773067906505
-10.36393509947168
-7.92451050805029
-8.257562325133506
-7.376406331670083
-6.511985152135563
-5.530305111843706
-1.3229564133750193
-3.00461474727163
-1.3438893964170762
0.07952725465290113
2.3715247247224127
4.013128535634387
4.560263386024534
1.0483940211149336
0.0
1.1857567625653815
12.088873816086423
10.928015107724168
9.785415491616622
9.21500534786251
11.82700611696528
2.21308264786526
-1.3212261203016944
-4.515646576912922
-10.568446317814518
-8.901356857799133
-9.305987108594605
-11.517078739028658
-12.179485469387364
-12.16212852861078
-19.61389389461229
-14.251989624718462
-15.10903309062318
-15.722251472420702
-19.140626902372293
-23.046873789399445
-19.587620584422776
-15.949956988003827
-16.497260546800668
-13.750009408095757
-13.654286721297021
-10.986357573842351
-7.531357860351768
-3.697312745197765
0.6266861147223938
-3.8732234521772857
-6.434803273403233
-7.540389253543357
-4.927001579041216
-0.18102322934850798
5.66763353058482
-1.652912237701512
-2.293572913743535
-4.545474669720539
-0.4830770410076963
2.3350172983555133
2.366842947509952
-5.953493092033622
-6.179762425351252
-7.336948780171665
-3.564902842982782
-4.144142545831973
-2.986440951123914
-6.428560134338132
-6.138787529260619
-0.91576821426528
-1.9516568750592993
2.815519144052907
-1.1516247840971248
-4.53309433997404
-4.909097559612261
-1.3071789079843448
-2.347419183146746
3.571422296854517
-0.5825517948757422
-0.892846789809955
-4.527931308165342
-1.0880305984038614
-1.2974133457682773
-4.692075999212838
-6.729857228015524
-10.244349833282383
-10.167911773053307
-5.916046839217981
-7.677735791591061
-9.704236713284722
-7.109015367893312
-8.2152954797025
-4.951487372576895
-8.262092833626983
-5.92733841042175
-8.893079712548818
-5.7692382354533835
-4.310329034459975
-4.29686475853393
-3.7037052794444074
-1.513612079675303
-1.0999918395288686
-1.820013081643965
4.000011333987865
4.674801883785889
9.842899672857241
8.411189516944715
6.389450423638047
10.2669472914974
10.235404990637416
9.183682467895109
8.333330904066305
8.682354856507143
11.490672230214871
10.772348900504607
10.07269846430655
9.693892671463084
5.705716948828644
10.408165271530722
12.785860673241237
11.680313635571537
10.212320295715061
9.783711714056736
7.396439225234262
4.368928700281928
2.859894355654166
5.459781774559178
2.955210886896854
0.46556150169274724
-0.3714196187959975
-1.495325061022796
1.4245117548758406
-0.1879788225395275
-0.6499547350838198
1.6513504018171703
6.981120626491427
4.65117183214233
6.818134861561154
3.8817077791084684
1.9354678227682807
2.0183597613259536
0.7339407328593079
1.3133165117712726
-3.673112286747799
-0.18606848693576072
-1.668217890117707
-3.36057646868153
-1.0185175589580615
-0.5560967020685221
-2.050331153459245
-0.09488450979797726
-0.8427066341831435
1.5065694046067268
-0.5607477254235569
-3.519828251162215
-6.261041017740087
-4.000015615714388
-0.8864917195231495
1.0676094682410173
4.159150329916074
3.147468345802282
3.825163158342963
4.722219562174862
8.293625427573854
5.964584715037426
7.445820889214616
6.954903524288351
10.289994104391349
10.717644621590154
10.561410634256596
8.452048812840708
6.326738874911676
7.142878733915368
6.484953139113194
5.519143234267187
5.926647603422324
4.814800142042159
2.5044577521929443
0.4401523503559027
0.6944465795423744
-0.17433912600691553
1.6666489573136416
1.6799430995702385
0.792281713467567
0.2638865828475691
0.43860164214791975
2.8998023461874296
-0.6785492087267906
-1.5151634406425152
0.5163328092868428
2.8896706506411305
4.0852555374917925
0.9488106640570771
2.464629895683901
4.704090065041716
6.499597308782063
5.846184768937604
5.958886967129885
4.746547932969037
0.6872634617821336
1.5666265110330528
0.25289999491489523
0.24949554518878136
0.6872527805383882
1.1288687246674567
1.1269025257464593
-2.838046220242464
-1.5483029293968769
-0.259355792348981
-1.89887363033742
-2.997453831786016
-2.920961638515432
-3.7132885393254775
-2.5151674297899347
-2.387042407266913
-4.282118279482884
-4.201676598390288
-2.3217367447231028
-0.7582335235733062
3.1896945112065396
2.42423677599601
4.679388001526083
5.851515054321217
6.986910242311117
6.02620777982634
4.9565622651173
8.230059949605453
6.637561657972892
5.953427054358124
6.766271225797432
4.858676295123892
6.194678419542891
6.726450438553988
6.761573075637766
6.462893510249137
9.736843112174885
9.122807905358465
7.300531016663414
5.432951509141895
3.0075078816035186
3.8884176492770783
3.1457043123675787
1.485175642130331
0.08162200122996154
0.494233211801909
1.4084360090234858
-1.390004487578237
-3.931209679036421
-4.153107931627253
-2.8806590081096766
-0.25274055650220595
-2.4999904729100932
-3.4453840335437858
-4.166703553604527
-5.41429467568791
-7.514015102860681
-9.565918176273255
-9.810136903985994
-6.763297338425075
-5.4339163024963675
-6.428022123524488
-7.46390947182413
-5.52847153258569
-6.199050807681114
-5.5737642713164695
-6.454240791412462
-3.56552470322879
-1.7050414296296164
-4.16312157547777
-5.254249434843591
-6.672293789278809
-4.444465557292078
-5.134891818171976
-2.7825832565252133
-3.3824852697651364
-2.938592344071387
0.2666694016091764
-2.1052662111108007
-2.5906638795667676
-2.4871309987786003
-0.17387207063094243
-0.6070877076469874
0.08605335622921756
3.65220667217017
3.47220877810135
3.406130263961681
0.5159064553186188
2.341735591223921
2.4822761829370794
5.545630704809559
6.334829356174089
5.008946209910004
7.981649380585597
6.529534449090862
6.193916597144305
4.007107809525301
3.7234111558820095
4.480282343548801
4.6985797245570184
4.661388000063377
3.22299885920059
2.8795798018770578
1.8916791837737197
-0.16778106574708046
1.845644842772896
2.1114722887979696
3.592821686913335
3.1355896026006502
3.8927244403138634
3.3050888283500965
2.978717977227972
4.0885924623164565
4.672891442324207
4.61797393668895
4.3110762665381355
5.308225345929738
7.094005000898666
6.518023238870237
4.487720594604177
3.4453840335437858
4.978900363334801
2.883793453149775
2.109696499843439
1.6806718217745396
-0.5766063796378414
-0.9925311394555674
-1.4863612195822458
-1.2325401514372265
2.6644560352305566
2.1328829760838772
2.8099230159750412
1.9640079360578715
1.4610540624609056
-0.24077291255610653
1.9448975068039331
2.4390149036992397
0.6384686230889253
1.4492674811857176
1.7017888817585158
0.7311089653777131
-1.0450154634350626
2.473214914909781
1.239676365096717
2.148770815668557
4.225354657655161
5.680837771887323
4.777872480653998
2.49583671153009
0.32442100405325597
0.16063858059847744
-0.08038101949237197
0.24076726617660946
-0.48000488987675327
-1.6894725337395893
-4.292532605366293
-3.3333396614615105
-5.154641878588484
-5.39683059049922
-2.8685271337298164
-2.822575589161352
-4.061739970069586
-4.505224243259877
-3.1836830429086285
-4.6925702934115785
-7.790161293290241
-7.114614679750154
-5.680001580429783
-4.220771452214705
-3.3144924843343095
-5.613462904874866
-5.470640353972332
-5.524425163936076
-4.742762922932792
-3.027814142964306
-1.7441864541869831
-4.35139451192212
-2.842815099428701
-3.691266076854672
-5.004112441794271
-4.8132979948557235
-4.233684062287439
-5.644497605982316
-5.143332722334041
-5.348037099319474
-3.3620494529741056
-1.2766148029740787
-0.6785420931386373
-0.7627077616085722
-2.5919763968557383
-2.2940032538527455
-2.6383129100471936
-1.1864468826904857
-2.7004435798007322
-3.37553814789849
-5.1563756598354
-4.03434019123821
-3.786577747085235
-3.8327428120904528
-5.440409943302543
-5.666948900123708
-6.100826132479788
-3.571415110861413
-3.1999890435535
-3.408068726981967
-4.371085466423399
-9.482748372944599
-8.539706751041663
-5.550825910226758
-5.579396368373982
-1.7390816525169748
-0.6118760219073756
-3.516289069568484
-2.688617573795776
-2.4453970792501867
2.049900473070343
3.667269583257588
5.008946209910004
5.978257717881802
5.022792734851915
7.393713755468435
9.604546796641639
7.7777786463442915
6.978860046092464
8.170830219014217
9.701459331189195
11.619060305083991
9.150301723591443
5.605800214891099
7.90910839290654
5.929213903646429
5.1011338795650385
8.266657644691696
9.62567277476816
8.41537665121422
3.7554665594092334
3.1061216026168923
1.7887569550135842
2.136731758845401
3.826103213730425
3.4423461585104445
4.639155879070625
5.068701417135223
5.665246242573343
6.695293758932751
4.761912453658257
6.983025863218835
6.73861020524021
7.435978860582548
6.653320172948477
5.424407577130507
9.323976127007679
7.840716921262489
8.432731557814694
10.30100779783809
14.223869524558694
11.43937960457456
12.285551592841777
10.847064511407757
11.786790175294366
9.023794601269024
4.436968652600937
5.828933242082266
3.005471429661391
2.4177966022071016
4.727530823088673
3.3064628576670945
8.589944112658781
9.266732476327626
8.945690558471423
8.012824962179915
4.102177773907594
1.0007554943399528
-1.5921062765134602
-0.22708208527023005
-2.4590015196047674
-0.6833576034905006
-2.110010406178631
-1.145029410471272
-4.469669951802983
-0.07714702257588997
2.3847133135132133
2.2656311831351634
3.349262863886576
1.9062730830416474
-0.6269532137138654
-1.561273334314633
-5.149241932347529
-5.088503703192875
-7.331382143547764
-3.2641127374536874
-3.1226740761019034
-3.2012063594254347
-3.2357234339071623
-5.993932736637112
-5.042028062648235
-5.88685312166244
-4.464984939658213
-3.474892708635876
0.15859860279397978
-2.471024427690745
-3.571426063374853
-4.507261228833147
-3.3950434353305976
-4.208903350738681
-3.0757369207392573
-3.568617538730004
-3.6978805596660913
-4.273497989422647
-3.0854432426526297
-3.834342497203975
-3.3000820242742575
0.2362065561275878
2.70700367019986
4.358349717308001
4.9074695192261615
6.255080524799073
3.787256843310506
4.479979311620434
2.296093344795492
3.16704847848656
5.555548708624635
6.879988306568076
8.466457731120009
10.65910167197743
12.123677699296563
11.924335414128342
11.3562023095216
10.389617944064412
13.14285483849072
10.845302674951578
9.841284321194232
9.269451313050848
9.147267153933946
9.667440070195008
11.119653535077537
12.614665503073905
15.527950209901329
11.40890348247554
12.461310434010835
8.518819741124545
7.170131554646024
2.17066479877406
0.0
-1.7647246308939573
-2.830169006618883
-0.6612652009839907
-5.796020803346314
-5.5147184277751515
-5.844153660127918
-4.676272298947133
-5.130070756649636
-9.058228561038796
-8.5937456761289
-6.911151409440001
-8.281580547486083
-14.460281630637931
-15.25534927859174
-15.189006736130445
-18.238120783733986
-15.487989190431312
-16.37013057050078
-15.238107908365384
-11.192941525592541
-7.485034508708228
-7.766983228452162
-9.615386495744014
-6.619955622286135
-5.6809101333620005
-6.206894088161489
-8.075462923798396
-6.778362286854714
-4.34783589162206
-4.4288926084460245
-3.0302902521089954
-3.5364933520994777
2.460312797290915
-0.7137378535700648
1.86385861720556
4.545438838926593
5.188285961020904
7.234052430707161
7.346589938032334
0.4145847333402164
-3.8025665117296525
-5.749007538286494
-4.909985133697088
0.1668229495409335
-1.0726376646295492
-3.594785229953126
-0.8210230713161235
-1.2254863089406454
-0.1652891231361743
-1.4634019134988694
-2.890630639562856
-4.290154546184758
-6.738954447154175
-2.316311449377131
-2.704872644281212
-2.334944739852176
-4.295950105412053
-3.0952274193616427
-0.08050683621858969
3.715972132090635
4.709818099085176
7.989699456705582
10.240976227629968
7.493730660956654
8.840705263923269
10.084771057177079
4.1390867892248
3.5566523453002485
2.4006747151277676
2.4752103807407724
-0.5631615997105329
0.08147399429826038
2.6577993798608692
1.8806514822092053
2.2077101744216394
5.276193934158575
7.148794881889571
3.439811798365218
2.2562487360738253
1.2738730009143642
2.0080501734233875
2.1479833554814443
0.23419453060882955
-2.168838212158506
-1.9157045633299112
1.6166079134349618
3.497606442964184
7.8274639561174055
6.38640439098276
4.669883877669956
7.281553698648134
7.980455813818072
7.119747148556417
5.537695905194505
2.399997862586699
2.349253956927155
1.3188426942281097
3.8796341107016583
5.122147291273437
3.7735706632528605
3.858239469784077
2.8037139078853435
2.414303478624073
5.304810884019466
4.37499075927052
2.045445129522838
2.3809583610034735
-2.2963023702295042
0.30394583970530303
1.0000073323737582
-0.15082420464027718
0.07542259662884032
0.22658855164994945
1.0646486049016988
2.890608896669933
0.15302737723980325
1.3782639118045836
-0.5335335093800708
-0.29986024046817605
2.3484910219498345
3.4116969996845583
3.4091015708965577
3.878326871465804
1.3533928593848803
1.646715716207044
0.965140598261233
3.0757583033380382
4.3214659862618
4.1666714984212865
4.950488596138014
3.9274893512366913
4.672183876080532
5.6518547845482585
7.449232681648999
7.137449602706935
8.174168501330414
8.459218343593427
11.264387831006491
9.323327111486849
9.548498158571618
9.017590038658746
8.864463957679886
8.125932206782615
9.05044748550735
7.511054483808476
4.926447893622933
3.493441887364732
4.578517766600122
4.727276609799023
5.587827189251538
4.72384121112982
4.493769778991249
3.087706597179408
1.5683871005149124
4.239888183281596
4.737425200146406
2.425130918869972
2.070272924421332
3.4753262749588525
2.0025837606692716
-1.0190752587799174
-1.296145738050872
-1.732007342496886
-1.4725103104499206
-1.0075643815940503
3.500599451777955
3.5772207355912182
2.992377592761734
2.2824965306796763
1.6492105061561255
1.5026853877947395
2.251932561435283
4.8763400204617176
1.197173767857634
-0.34720395726510894
-2.548221343669539
-1.2499947964582754
-1.9986353650032576
-3.055004519074636
-3.1799630700526085
-0.9021595736700009
1.0445892117477829
1.7593227630346917
1.5514624753224555
0.4947034638774256
-2.4204934620046035
-2.2191561812727114
-0.3445999128489039
1.2482608849282588
0.8977983560999846
1.6061644352035536
0.6882371793128685
-1.0781726588277278
0.6959097778961882
0.41810399110872476
-4.240261762169149
-2.0393762820831514
-2.7426268272514265
-4.8319287745217325
-8.595399796166387
-4.8319287745217325
-7.443133714230567
-5.117561717375415
-5.416650425309124
-2.6722897968048693
-4.606647188433549
-3.546091478721979
-4.8409398153746555
-6.369866842121519
-4.791242971926211
-4.329901395879294
-2.734131408367833
-4.291539475079346
-2.0732539530252234
-1.8043049657114265
3.3210336926501474
-1.5075345184782647
0.723081985690855
2.575438009771648
6.88073628611184
4.120678760888149
5.3611028533572895
3.7900673142646584
4.99264343942739
3.395962861316622
5.794940684769946
6.029420633150863
3.924411776106628
5.4133096921401105
1.509711989939324
1.580450763337432
-1.686558033857836
0.3558482310882122
-0.7762835219074883
0.28267737777990865
1.6428228817424666
3.4985355141965546
0.7896532538085853
-0.9325570755080377
-0.7153040201663683
0.0
0.6360349316623526
1.1938302085611565
1.5384720183214504
0.5590477228662541
1.1938302085611565
-1.664354145145223
0.7692312455880358
-1.7348953483265577
0.0
1.1315380051754247
1.7869744331399102
1.5602846952875982
2.3470801769313008
2.5370258972098676
1.9677036965692938
0.7042218387298839
3.4188166471802646
5.792883584008394
5.043222001325985
3.1802227990119913
3.9325957719089373
2.567664213449773
1.44627789967851
2.154276607306188
0.9021501192509508
5.00704057283823
3.539214495666543
4.378522342216891
6.515580914209271
6.293713222539288
8.98877393472545
8.31004860763295
8.547595616539464
7.83503759775146
11.85387457657959
11.118888437460983
10.468317284611992
8.82956720880477
10.28808020597566
9.794525782466652
8.108118432951672
10.351829094279767
11.201626200939927
13.33331356180904
15.061899123685851
14.573541119270248
12.265398348952242
13.261163971768639
13.164882926435784
12.17103411583042
8.50517310061418
9.800146216693568
7.490391262161626
7.839391083962664
4.374634851455899
8.432984109776578
6.421438247820885
8.050313872623736
2.1766121865119112
0.0
2.2499945611170573
-0.367872299309009
-3.4798456499683663
-3.8415242452242824
-6.3359100101633
-5.8616712989774555
-4.8358173215839875
-1.5531721561400096
-6.874252996309517
-7.096759320889763
-6.472687748658398
-9.39518572870381
-11.971408645160391
-13.65248573867378
-10.330599897853556
-11.665702865362103
-12.126534699732293
-10.128047630389448
-5.538657766325923
-1.3724273679773136
-5.684595976377162
-7.38462031176156
-1.2017782828614503
-3.183538109416537
1.7230171283621583
-0.24905459312477915
-1.0664997050879084
-2.4878514064691055
-1.1987454398894046
-0.5050488326543262
1.3968087832526466
3.8237233476906107
7.577806008638116
9.03491292063362
2.6333164433258798
6.767407122293218
6.733335573694403
3.6269440795715235
5.347949852411568
4.23780823560982
6.221651997738957
10.166124580535767
8.514728746267362
8.317244900137261
8.343798346287215
8.36454713842658
8.941034911748192
7.778470131032808
12.388252180343683
10.977152703536667
10.770212804981693
10.299622338790016
9.748449915868651
8.09792659277107
9.493266936955408
5.169249309230557
8.182391339847529
9.562492850157312
3.302746407239206
2.851953736555366
6.101275244062906
3.618807752543185
3.36283619731546
5.952358410141285
5.327161147081264
2.6497616244172058
5.646101032662392
-0.17321203731824455
-3.1250134254592394
-3.3733514470126034
-2.430749869393498
-5.149976289392692
-6.991425623710159
-5.807211358529138
-8.61159768395097
-3.6863858430947167
-5.254049958660527
-8.556752019791146
-5.269384366802858
-8.436586659229166
-8.683154279504175
-11.874263422701901
-11.529679273440024
-14.943809212663094
-15.448045323046241
-12.289566208712984
-14.32506143666198
-7.923659822044907
-8.03517278598555
-7.514800584002241
-6.315179322489055
-3.2219637725131345
-0.9241993593531789
-1.91119832109534
-1.6025583084109187
-6.075328702532092
-9.201701574136237
-8.54648840403326
-13.500005683685885
-7.731959984599475
-6.926951930358944
-3.63275824150905
-4.193555574687492
-0.4231616756466289
-2.24411186269461
-4.2676413405732205
-1.9259345379561488
-3.044148698831309
-5.096893096439372
-5.1218189845243725
-10.894233313448078
-12.878401665700812
-11.800558856050188
-7.8243644428007295
-4.260873103820984
-6.4034846656496445
1.1118406101202356
3.187471588972573
6.4814720022680055
0.258757405988879
-0.08223605374606456
-2.300505990767286
-5.186729319710986
-7.4250715025343945
-6.07925268095451
-5.971170307424299
-7.878783412114291
-10.179610724788626
-5.521045183024405
-1.3157798636034321
0.7840283187420635
-2.543604805306706
-3.620580559741413
-5.392144658327519
-4.961583474935641
-2.5550032545998014
-4.771643381728077
-4.412766306002947
0.34842016981982166
2.6466612922518165
0.48676504891520844
4.53890451352418
7.731583986103488
10.743201677277858
13.38182618791671
14.452568025387869
15.935670664461302
16.148143089227982
12.710010603126223
7.01755243417738
9.971716827903375
18.791948466513528
18.782880056891397
16.950391867960406
13.823530028588769
17.771296248030694
12.455249144059238
9.232961631946615
3.5416724820657643
3.5539846495071874
6.297572625837962
3.4458965600644627
8.66620985569228
14.485033859199495
8.274537520925461
5.038252537178792
1.5132547490323591
1.339279803287282
2.7219801534147092
7.0163757479425115
3.729892597288543
1.7576766463405704
2.4035449889837945
3.1645460416316986
4.005185574316702
-0.9276327952582628
4.96499619794659
7.0871250133856964
10.798120958774586
12.920599697336552
11.979191002459485
12.724844011580775
6.791281306312144
-1.4509469632881127
-0.4146967223225133
2.550092211722929
4.472040692234028
5.538074391892081
6.876961942720985
1.225509681025347
2.665836765940026
4.44170249112697
4.385414623298331
1.4724225463761453
3.602473791065071
2.3720212219857837
-0.9096314524224521
-2.246500120799715
-1.3922493928005915
-1.5494560852845398
-3.720948384546077
-0.17729581736172054
0.0
1.060062762021945
-1.4872108578707777
-2.6642942300984367
-1.1296149648271054
-3.4585546874413087
-3.7780474227329734
-2.23972474777801
-1.6908128001076592
-4.13467290621476
-3.491129625101509
-3.8694261372782557
-3.8968694221626423
1.0365857826363427
-2.3255761087284132
-1.366474044355386
-5.647638833992719
-7.8692465218558745
-9.661824622567302
-9.473072769025082
-10.851810111385813
-11.247088249610847
-8.272941964364387
-7.7858820994685125
-12.327120440348892
-9.573812568450284
-11.288334121427226
-7.925695826407181
-11.91646677662742
-13.000605798574973
-13.36603178200065
-12.201254865354489
-15.283863610605374
-16.415198727903157
-13.847137736094181
-14.231749771781429
-14.638909241529841
-12.943493691341503
-10.026738210945211
-12.818824284349583
-16.295796151612393
-13.91989265933934
-11.71822729294507
-12.59894548283558
-6.790118907400382
-6.967237736748371
-3.042858876797482
-6.993936215241738
-4.184101831228841
-4.320109029385921
-4.104734711052851
-2.6504337850542803
-3.2400693623391055
-5.631774499522697
-4.872715663533579
-3.0102668978512845
2.439011196236982
-0.22641838888365295
2.1545158080483993
3.9009809589331765
7.036730846433691
4.195275212243681
2.684568306343924
2.3396149680932283
-4.341424596782295
-5.580022968139963
-5.920144726382008
-5.92914794747925
-5.312954254388093
-4.8112734640852794
-4.944656469585345
-1.8395840463371689
1.369893508871552
-0.30604209327228893
-5.045884656119265
-8.85692647195209
-14.880936723203057
-11.195154872738039
-11.199985412200844
-16.10109127609856
-13.659587321133987
-15.00731112103744
-14.596969557860575
-18.95282193710391
-16.23076567484803
-20.839794845005734
-16.527652539258842
-9.531110423507764
-13.451188820487154
-12.130615841506742
-11.801242268011501
-13.043475450455439
-15.991000221448884
-22.102842191133
-13.043441573350131
-10.548155488777363
-10.926589634856308
-12.521301620092668
-19.574135804702472
-19.01892873806929
-21.40441113050325
-24.031020772687857
-25.340125099932298
-9.645116401800886
-13.03949162276486
-13.064838510338245
-16.893750337750305
-24.129155556001383
-18.38366389796427
-23.80532318338174
-27.992954528906527
-29.224142027371347
-33.78015952300182
-28.275860536624208
-23.888906699743263
-27.576602168815317
-16.19234350115023
-14.216166872309334
-10.59061489766117
-0.6376218383770336
-8.611403293571433
-9.863940564618071
-2.847389332806102
-16.213501161177536
-16.050686281884847
-12.881364316357818
-10.163918002650457
-16.23739282452428
-18.93362124976886
-14.053430167577114
-15.28117311830921
-19.975652571830405
1.2145658748738746
2.335156499848292
-9.24575340133378
-1.1538629326114267
-8.899293895090794
-17.139599256289785
-13.09795769031353
-19.999992905871913
-14.48764103934335
-6.540890336822584
-8.909718977322024
-7.3317248282831535
2.515712933009347
3.7613468778653703
-2.676411219146318
6.684494800137599
14.765107303852329
12.837851040871723
18.32610593710834
26.027409983882894
5.7333443117026635
3.276404299508274
3.718202340421193
0.6358054186272375
0.008525719751913883
12.069286044767905
7.647765079818236
12.844573963505864
15.518840717947494
14.040931835326372
6.543792374002696
4.425439374545856
-5.062842688591143
-5.852877014289744
-3.2827762530606175
-4.803295957131154
-12.4154116701872
-9.539975758931494
-15.275515431415442
-10.604933741995119
-8.569865374994649
-5.34459557959219
-5.454542181338514
-3.9051561578602616
-0.5563239889464946
-9.65608730504983
-10.276689417846587
-13.461534079027896
-9.5483774937254
-9.961695121599902
-7.973854648569477
-0.537630289334863
1.5384625935612097
0.4310179322200503
0.41957291398503477
1.2820545283552132
4.190759381100679
-3.0086122556543655
7.320878416045693
1.4619859982844594
1.940297319528059
-1.0401064068718513
2.662719505957513
0.2902557358801775
-4.475524427565392
-0.1464162480663724
-4.405279840910998
-1.629639826914666
0.7132656142108602
-0.7092101156252911
1.7045496594531226
-5.135136993228512
2.479336679944937
6.437776407099243
5.988876463005482
7.032354891277788
6.51872059863068
16.248175645088274
15.820027387786457
14.409234831991585
12.445093906975105
23.873859571281347
17.867448012117617
21.56298133199164
24.597355317817478
21.700875759240898
21.812588687823677
21.536152335798974
19.405109824289116
26.285713134875127
24.301657875815426
25.498584764845354
15.188166893926649
14.650536604591785
17.082773848124972
19.579489427310257
17.708333333333343
16.13723344110659
16.666665386493403
13.224151589639932
13.281228052028988
10.30303728240846
10.024424210203312
7.499974825394054
7.755573154073349
6.506033687862865
10.214363721205105
21.5613483983095
21.233679562278862
16.628959566233245
25.280901894322977
19.97726878369207
26.254379584988385
21.336447171048494
18.85521181376509
14.395598259473108
13.495580306529083
9.7373924903543
8.592877859091463
12.792007225002559
22.18393612217684
17.692303184582784
18.222234299548983
17.275760475217922
17.88441155310959
21.945698863184486
24.485124461918
13.047897085896556
10.273950091486217
10.572258805821216
0.17935982719184212
2.459790788466805
-0.36968293986140394
3.574896650318446
-1.6052902593460234
-1.7291169959779886
0.29239839448523847
3.788642170744309
0.3956813356257866
-4.63512427892592
-9.501404271265757
-10.364155180778436
-10.620308672951934
-8.970719596888067
-11.563361939040066
-10.667909770113043
-8.547794858106398
-8.56626885724018
-10.736450171810077
-11.754381616365855
-9.668737516760016
-4.709137088244441
-5.102055669458067
-3.7313602235975423
-1.3435716269766935
0.7820317715086786
1.554883769415166
1.1527407386123292
1.6748609319994323
7.342307165712494
12.681896931767481
13.020846967680693
15.457408979461245
15.560160711639046
16.21338403097409
15.887866468953588
14.070369651443821
10.453641201158451
11.033775812773102
13.618273227367828
11.199178104393901
10.174427979939763
10.752703183412175
10.65892935850637
8.463045465465004
6.401562057549359
4.880413730483983
5.413107635351844
6.492249575644031
4.913307563577014
2.0295161117130873
3.5944623037044496
1.7304198586805413
-2.872531457825621
-2.1602217025505537
-2.9570130327564668
-4.845823851781574
-3.214283153824693
-1.7904858107423753
-4.4619325313183476
-4.278053773923915
-5.101147574778463
-3.44218687362961
-5.07881306416482
-1.7040255553258241
2.461235998186535
4.653284850128041
4.144145467444948
7.461339021005915
8.815409429408886
8.499097815148717
6.494664497939391
5.998227337394258
10.443625192778057
12.327515599276973
11.726701898766278
12.777783484743585
12.36161972486031
11.394688292759083
10.164827161588038
9.962750631951735
9.545880106994753
8.957939736219902
11.254605796205425
12.408752143566481
8.185067683475236
5.231002159635858
5.276810504001989
5.249774076360003
5.316459375914412
2.749996948034703
3.091070765167311
4.307432856554824
3.096238777877101
3.521694308016475
3.5537095551240885
1.9704485061102501
3.6124922828059085
1.6366688786931725
2.909388855156133
4.318380125944251
3.468688831701257
2.5167800678674337
1.2437843817031418
-3.6526065494077242
-1.5625106326887703
-3.8110887870391186
-3.286775887743163
-6.033770966685075
-4.246789555009812
-1.7842624335905641
-2.0259436502073713
-0.08097351657286303
-0.16235631133107833
-1.3449241751994803
-1.1172953156806726
0.6441174560390679
3.9619442521362505
2.1739136871948888
2.1809378030077484
0.4058335633128184
1.144732484449286
2.0458335903999028
2.0475040456510585
5.812978664745297
1.6708464327073018
5.340220443414645
5.607470600415204
7.020535769153698
3.7656794527404225
2.4772928697206575
3.391234604078814
0.6482932258732361
1.869922070010905
-0.24058783532734845
1.4527682368644423
0.4800061588915493
-4.801818845645966
-2.442876264070312
-2.608683138321695
-0.3233654705198309
0.7275685923377158
1.2083608327958837
1.9425500424979818
2.264468171630427
6.795109196733218
5.772252132835192
4.888516616832049
5.521534544712763
9.407031580069207
8.909122779999597
8.775836942365318
8.65767375072821
8.271923263922922
9.300486006896838
6.713788327899629
6.717791454455342
8.21154631165405
8.598032707407812
9.457079758576514
7.2238366695531
3.8197863028680286
-0.48346856776802305
-0.640518336619227
-4.275528944268452
-5.399060368627515
-4.795600788438142
-5.850217734279082
-7.170409151746653
-11.544224898826148
-9.706547278645159
-12.789820980165805
-13.338363980493684
-14.16791381340998
-12.34105762526472
-10.765716555311409
-9.787548525285416
-11.136196765294507
-9.606670747984465
-8.974359440549774
-6.461538704050934
-5.267286720577104
-3.238881511801765
-4.512497954120834
-1.323420029871513
-3.1430951521593022
-2.8075860046930208
-0.331398254354238
0.16610700290544608
2.0338916736638604
0.2500061024874232
5.403079738237762
7.304348026612112
8.122252877331436
6.399314303898578
5.692428361308702
4.373412646333834
3.2176194009463726
2.845182084430926
3.8939319854094037
2.878295371799461
3.2365031660780703
3.5983133265641056
4.556976871873362
2.933776341366356
4.867619182470683
5.012738174104061
4.488782140404
4.643458179935082
4.235888764074193
7.065660839421859
4.800655620360057
4.943277404915137
4.442651337910191
3.688846798201886
4.58201340081155
4.3513288137009
5.578335493596954
6.42801022349539
4.784710382273606
2.8776909095481686
1.6077320752420725
2.584833824008809
2.9055618459280126
4.397388948928609
5.130296105269351
5.8252530865726735
1.829754708523163
1.9809783780600683
3.266925371376761
-1.3198752604939914
-0.3881895223644136
-4.942089114663623
-6.419169782402678
-10.054132465821683
-8.993105564622528
-4.633191964522577
-6.138306334799792
-7.033653277475629
-7.382045071781544
-6.138306334799792
-4.746850517545518
-7.007883271898348
-8.470591583246218
-12.402494882330021
-11.928735109301929
-13.226307539615705
-12.812519364565391
-13.986018701861846
-11.11108940841728
-10.62156115276819
-12.938430361641071
-7.717305499496106
-5.785130677038008
-4.643143064084073
-8.108103017611029
-11.093142458382053
-9.685432751743466
-7.2368603335778685
-6.573543513904601
-5.711915482616425
-2.491690144511393
-0.3386838861766159
0.17137346312240076
4.274284324384252
4.661381612151358
3.7004457593598246
5.2867653642876835
5.5104145534895705
1.1284367161635598
2.2007103015585248
1.163833097751165
-1.4084374028911553
-1.929792496379881
1.8034104413230279
8.088244540459035
8.561037973837227
9.624218065877567
6.383002369984156
5.189109595129892
5.7067566551434705
3.407171371683896
2.3789310175294767
1.1976134966468892
2.9035050566019223
3.0252386598943812
2.293956942201186
4.085092649050193
5.393816786905151
6.78112696403567
6.718354435965336
9.380530274870477
10.714266495065154
11.001763506414873
13.286103056970541
9.098640575814002
7.298663682217221
6.27088902943274
5.833340113874925
7.608678890621887
5.980072365825873
2.4711501226281185
3.4024823044450634
6.086227345145223
4.730280398906133
3.1810554478354645
4.983405318707999
2.3712219502914524
2.0308796605682398
1.4469467552818993
0.8071026747692769
-0.48542434729790485
-1.6935364080605058
-0.4029009959607008
-4.378428146317096
-5.378010203214
-3.362007915685164
-2.6750532070095043
-0.7874017616450985
-3.1856967669102785
-1.6457656263255256
1.2057833102647937
1.6051320342040214
4.063738311715727
4.1204487808708
4.3478418306674405
3.7974460821850036
4.632589981898346
5.812094556156486
4.992078503078022
5.764587820317083
7.317069346248087
9.926168674603483
7.8479024842577365
9.566641160118069
11.12024009293921
9.627827517460695
10.185938240298938
7.619051354694714
9.309786114612175
9.402374446468919
8.578240692136859
8.293836707798384
3.905056634194057
1.902583403409242
2.121195157753276
3.5823220977086256
3.7404478336337874
1.3544121761995207
-1.509438923020992
0.9084250234082344
1.4393832438362701
0.44774962040211874
3.825959128072077
3.134328304503018
1.4825757109678197
2.583017738364038
1.9809062795802297
3.466067626283969
3.3773890429455165
2.767677170293709
5.486464048083146
5.105777111748348
5.82166526499576
7.0948534457776935
6.899126506133185
5.445189162646384
2.943332787682027
3.7861761400940046
6.283521393443404
3.975995765714059
4.929054751440686
4.606250547133903
2.456646127623073
0.5065159269127635
2.629668222425276
0.35972971490502326
1.223038537111295
0.4276568682337454
2.9119343780561127
4.323173524359005
2.496543480587883
3.5391986888674807
3.5515346961207257
3.2775326219365732
3.608596627867476
4.535918667069161
7.147970033481899
7.582260334953375
8.219201000011253
9.9566997723469
9.039143086290911
7.812506554737506
7.843031826909175
10.168002076914332
9.131107495489735
10.93653793817201
9.990384836159254
11.136642244669009
8.772253756485423
8.180817218185489
8.50039468030405
6.662357713658759
5.238454759284348
5.458321495745325
2.9718643207860436
2.832345559540301
5.2121242581662
6.828089781106319
6.634049936098598
5.091670588201788
4.542888036205692
5.7085307128237535
4.266654264594936
3.3977447807451364
3.523936269529557
2.832679864665719
3.9525569011965698
3.5156223388038548
0.8408890814858285
-0.32009987882281493
1.462178313442116
2.17807942340648
3.8436466879542537
4.503912998143276
6.49867371925503
5.16215895485133
0.9696108055089194
-2.918789871099907
-4.649664516265574
-5.474219180711274
-5.346913508234847
-5.209662814423608
-4.475697935088552
-1.9974309444911162
-6.7437295441115115
-7.303018523321398
-8.555125330396066
-7.98741657565649
-5.452214713247098
-5.330764148857523
-7.330837943721709
-5.39184510976351
-5.018817533716231
-7.120556958820629
-5.915321973841109
-5.097554401976731
-6.6581213842903235
-4.313712185721371
-2.738814186915704
-4.242422770605895
-6.792201815092845
-5.227880444047031
-4.417668505495408
-4.930954310345369
-1.1708048933481645
0.5528643970723074
2.079001840505908
0.6835255657643221
-0.8141119639086961
-0.3392143210098375
-0.2704372817549631
-1.5241924412842762
-0.264197109521653
1.815736922064759
0.1323725809245379
2.3209638607119008
6.447186944152976
5.464477211200792
5.082407704609278
5.485234435722643
9.307359981347767
7.496467953485151
5.532212290817807
2.6279268203433443
4.041809038866207
5.704475558612405
5.906309771003122
5.431089721399284
7.045140665483916
8.30497462425767
7.2542221332949826
7.671602514647136
5.56290662650367
3.764861526710808
3.304697425894311
1.6202187955158314
1.9974233259284786
2.9792675485458395
4.705882943914424
5.066658836545094
5.08251754167982
2.6315654365548586
2.7206245838892014
3.975747712275142
4.75552097316436
1.0403052654820488
-1.666654918451084
-2.7688246450141714
-3.1309828359190024
-4.588310246106243
-3.60302729063213
-4.3124936630695165
-1.1292337596405755
0.19096791674271557
1.1516267298712766
0.4464279991340146
-1.0107399051121517
-0.6289146584563978
-2.059913193160495
0.3172600947953984
-3.7060432532200953
-3.012814726168421
-0.5813854013487906
-2.1386897296409186
-4.475697935088552
-3.9896980456676214
-3.3898447486022234
-0.397357185152859
-1.7150546314473376
-2.2397930190750994
-4.262288180126273
-3.9190142622190622
-6.281722867789079
-4.955540524724572
-3.9848184500323596
-2.285716194715395
-2.616463850072471
-3.417725947543683
-2.294464483339584
-3.9848184500323596
-2.804963060957904
-2.7759461503489633
-3.7037116711735902
-2.384111789038373
-0.40160478880312095
-1.4745300768489278
0.5398075829727246
0.7978769612703062
3.4899402462878024
3.571436681370057
4.5205495815738175
4.894637899731016
3.6560606154609085
2.54011914034228
-0.13175046868606463
-1.104611448361305
-2.4246386006323837
-2.8178217726653623
-7.958241728745934
-9.88142146250148
-14.026836458410255
-8.021751034651151
-11.538451412011893
-6.37719634594775
-8.131712315647658
-5.170076311513908
-8.724822841196431
-10.224274005040016
-15.110245669887512
-16.395573497141115
-15.268677750345105
-12.378477268361095
-12.60614336453154
-15.384615977535306
-13.126643252632128
-11.038116971307115
-8.999337450507813
-7.349972921584628
-3.685336715899444
-1.900588516734623
3.3567496728782946
0.22173295853639186
1.4492664085978264
-5.072461253558291
-3.877115768807508
-6.743176383871507
-5.220582993248115
-3.4533492006153113
1.757071417564253
0.7781946137084766
-0.464053502682168
-6.804751904620838
-11.584454449194675
-6.702614508879122
-9.339409155993375
-8.862620101255109
-10.774906361256406
-10.989818916668561
-13.09786239035981
-13.189268962084096
-9.21450304171327
-10.766968391091488
-7.2932275045865955
-7.022910505884338
-4.109594896274905
-2.769223940690404
-0.9309595724827378
-3.424661663688622
-3.7537502616461715
-2.857132944017508
-0.8546913533403255
-0.23808959644228958
4.311076008893898
3.798499366351272
8.458944446766113
3.7277250605381598
7.113310739922389
10.547853888871701
12.531768265629514
11.158790006955877
7.154760902915683
8.264480052088182
6.001610386026118
7.881770386272341
4.126992691869791
4.746820286481522
-0.5481498086329911
-0.9456226888321968
0.0
1.8282945163383246
1.0188154658423996
0.07956044406731431
0.0810433337498339
-1.7501886715070674
-7.876443744803881
-6.48438325602155
-10.888028399173667
-14.866880422935703
-10.30851541660699
-8.185315208722777
-4.114911001845109
-4.656497658259607
-5.585298276060085
-5.707770939228634
-7.698160424687421
-7.930512863322084
-6.692924345522487
-4.614162417501181
-7.6443142471195795
-8.040612936002283
-8.766480171737111
-6.99523157811332
-5.2631631856848085
-7.773285399024406
-1.876543755601985
1.1948571584079888
6.23129956939699
8.049156861221315
3.544946240185599
1.9634716682722042
-0.22923258830904591
-2.182878805557278
0.10525668257765519
-0.7197282290632487
2.523444563145596
1.2515021294373077
4.772918885643415
5.898987942615772
7.4168551867309835
8.318253033265716
7.171658414242573
8.345471891928945
9.950601410058606
14.591923215150679
11.051697104623976
8.268746613098688
6.8936241052908835
6.20804263636828
6.8470013330389214
8.605858198772799
6.011851943405657
8.881286680078155
9.20609067711446
10.262937303448012
11.344533593566641
10.481819562190374
10.420161896947628
9.778146769817027
10.582443456043984
7.9313119040104265
10.430480894863194
9.135810702724545
8.515811193911778
6.634697862001827
7.062605971037496
5.17102868665436
6.528647865640592
5.134295455642062
5.6170815355442825
4.912831864228298
7.3482335860761445
6.745100716258142
6.960557698665607
5.230770330538307
1.4339521229634993
0.3825598425278351
1.2937674091584392
0.8982028054909966
-0.14836712302254562
0.6818294601702973
2.5487196253794036
2.3378559159410277
1.9432049636789666
1.6491617774759812
1.5742060570389733
0.6051403755933682
0.4484237703730121
0.6761646058753962
1.2734117434531007
1.9637482212495314
0.07441067830545983
-1.1021267420147944
-3.9768623506696694
-1.9005823729980629
-0.6696328626292668
-0.45731882446179395
-3.456062647316586
-3.7092032973442297
-4.383356709372216
-4.4394352284221394
-5.263169667229383
-3.242432809039999
-3.885639864029098
-3.9085558327002072
-3.9114359324331516
-3.1578901623872313
-4.1666606937997885
-4.62686157545704
-6.878699409050147
-5.925926672130848
-3.9405259997474635
-3.417531136664876
-3.087342939348462
-4.545456272809798
-3.6704148433433073
0.3828397409831098
1.6342521167331328
-0.23112134320171207
0.0
0.31496334916367374
-2.469122199774867
-3.35111553305666
-4.3478172544951486
-5.295470893009825
-4.9155128948619575
-5.822982083761511
-5.590057521069194
-6.103279432325506
-2.7799887903351017
-3.700787004579458
-6.6563234147029275
-8.384627083073717
-8.3916097155482
-4.059336719516341
-6.687400921734935
-7.932875172890726
-11.179175559069423
-10.965251049723358
-9.867913911571007
-6.828885239718469
-6.091780330508963
-7.801417489647812
-7.416273834235378
-4.61912438807377
-5.411958377916524
-2.9678458952910125
-1.069079959067042
0.5000161022855009
-0.32680945859985405
0.0
-1.6583887793675085
0.335864652725295
-0.6785373372643377
-4.0683440901423245
-1.0833343800605921
-1.9055568726776038
5.431031105434198
6.07111444296772
7.500004640662737
4.380800965299344
2.780104869752072
4.358967032147424
3.7898495187214123
2.4639088415737245
1.1955574500858497
1.4443492325896847
-1.4962557102403027
-0.9950426647888755
-2.786870101240307
-1.7170819346252228
0.9274893344746522
-2.343106777453009
-0.9393748633884166
-1.611538191467788
-0.673964238267881
2.6182457089468514
-1.1447104787784055
-0.4905941765681299
-2.085015029157668
-2.0984775198926475
1.8852658470593444
1.8018150972474265
3.2364891294094416
3.3996558850917937
6.666669854567184
6.532660264003557
6.497884867857143
6.44891575395308
6.9983103720908035
6.489181287900539
6.182120429218174
8.568986478395994
9.827585213070408
9.827585213070408
7.209504867200509
4.4444527356107155
4.466485179543694
2.7937628715423655
2.6208160530795945
2.88540845655738
1.850349330410149
1.6090013998015855
0.6431015510934858
1.523645953505849
1.5822740264010198
0.7861636340827878
2.7733848484340893
3.6978750605547894
5.831362116976978
6.250000553368499
6.3729369350058045
6.70876598486719
6.436420519645039
6.122454970502211
7.041133090588661
6.855791803830204
5.621551985749331
5.91526160513404
7.10295588338908
7.211539378362048
6.477102307247681
7.284252854647565
7.747603700111605
6.477102307247681
5.140180172419377
3.7441467595346882
1.3107074391440756
-0.9863309821112096
-3.0528561068429894
-4.779412162978026
-2.958580030456564
-2.366875759706155
-2.4336335975927907
-3.106499811354394
-5.173684302443987
-4.572266868610031
-5.24738042585265
-4.00000547404644
-5.067073415580805
-5.754853597372172
-6.454005582336644
-5.756458641688483
-6.300955910984382
-5.341250057852453
-4.518512371655485
-4.4360807563141735
-3.196350812697634
-0.9195566900891801
-0.3840245809156282
-1.8532802652006317
-4.11586078220928
-3.9393937572752162
-4.081627321083469
-1.984743119937107
-0.07795292526633057
-2.241119972317386
4.430363687534867
4.481140732895021
3.767657754467378
5.6304407435338
6.978585328716373
6.1863684319264785
6.803785934598805
6.191230390701612
5.740883001421454
7.631790106311606
7.783013740712653
5.877810414287728
5.859664867791816
8.497238843985434
9.85691968506548
8.753946491763278
8.037816096788898
6.942544274001951
5.915757537718416
7.339130596821543
1.63009145205967
0.9418402476134036
2.1708500134847077
2.169709875937386
1.4871415963885626
2.4679208979235923
4.434681845482117
2.9952664500073003
2.016514980225271
0.5250411773448422
-0.587839852729028
0.4516141289476248
1.8679164703547846
0.6848978738814374
0.24487697948511336
-0.12886650361355226
-0.5134314712776814
-0.4457784748717696
1.0518259819233515
1.2772271005158398
2.2053212827020325
1.2167451510704084
0.0
-1.1244586249924275
-0.223528772903763
-1.7621179149715005
-3.0390799133484085
-1.754393444406822
-1.5407280973830733
-0.3709185393794311
1.1976196530374996
-0.07418205966037535
-1.3858422831393495
-0.3673674679466163
0.07365216577533425
0.7407586918665393
2.393427077171359
1.7910650687429956
2.007449289292066
1.4095044594736876
0.5208405872629895
2.0285349503188628
0.6042308239947021
1.4404987466188364
0.8961803970872364
1.0463481618469308
1.1940447608751903
-0.6696338812120949
1.1177349216792667
0.9679819232286391
0.5917170702700473
1.633258102415986
1.0354925479301387
-0.29497762619364964
-0.22075709317856484
-0.5147252071343391
-2.4835653748016466
-3.005876841572702
-4.154532760049923
-3.4381941964440776
-3.0347805819596854
-3.31368075788393
-1.2762767458748332
-0.4484355195536798
-1.184306121516785
-1.331363408107581
-1.7699190081358624
0.44943907177919395
-1.6949002689239416
-1.69617460158745
-2.3529577534392434
-4.747990241631925
-4.46559152250382
-2.8846145550452147
-2.2861380464323124
-3.3259347404864004
-3.370786797348123
-0.22675152421955846
-1.140676139424801
-0.30303930548050817
3.358763691860691
3.1226024335162292
3.0418311980943127
2.177175279999063
2.621721677716138
2.0239730613261915
4.204216789444973
4.399699834073709
4.047975269130241
5.251323440846586
6.250006273893069
7.975458371831022
8.199226185576372
9.672504474893381
8.000003018286918
8.792051241240847
8.449605093248627
6.515159918288463
8.076919379410077
6.990891401426566
4.652879451640073
4.505176871839455
4.723248230814125
3.3064092410334616
1.0218997989316618
1.1021391344648526
0.1440884882438001
-0.8571365885083118
-0.6484222078433322
-2.7797531020993778
-1.5591769896723056
-2.911923639700207
-4.107649098530815
-5.208341047896951
-4.332635082794631
-4.146164412558823
-3.5739806405295798
-4.551936694347716
-4.199286590465707
-5.965916678208925
-5.292873150575441
-4.664316091802197
-6.624384460950812
-9.601707020704172
-7.586705770677746
-8.502905286966717
-6.906484071392002
-6.051876577881191
-4.78606607752323
-2.4926732910019602
-3.7437077647599564
-2.7066639486120225
-2.5110710272805714
-2.1978023766690398
-3.1409787840535905
-1.6129184637301897
0.0
4.694493293391811
3.417531807481037
5.740188632717793
4.769019440207078
4.52187502174547
3.5471788218879934
6.215561423042669
7.036748029395097
9.76964853161489
6.0278371644267885
5.751529858408741
4.569679225698767
2.330816928353272
2.991786962294436
2.4812015097009983
3.9394015646987772
2.621721677716138
3.167418539961827
0.0
-2.66862818138985
-5.480431840956834
-5.2442651224981995
-5.357143353079144
-4.551936694347716
-5.390065568937364
-4.0816483511678765
-1.7777690186036637
-4.017532701276902
-4.920399021140298
-5.320707592917367
-5.076139964678468
-3.350322050970368
-2.865531548872504
-5.446627259262965
-3.4482845745477575
-2.551035280053775
-1.605838486808712
0.0
3.353213042961436
6.321389736562535
5.346385819328607
7.354073538292925
7.169806432648544
5.514169156390179
5.172408911427353
6.838923851109715
7.088982157155513
7.686453728064281
9.893457428053875
11.085450534049503
8.556149278790906
7.385063581492303
7.7912173656601
8.525342791147231
7.1428673932126845
4.936434778132746
3.2640930358321025
3.508774707922526
2.0187454101401516
3.151872588040901
3.8599076676770094
1.2711849613698485
0.5633853171997132
1.3418046047082886
3.7063427481412274
3.6984263422636174
1.9718310079527401
1.9787985061218802
0.20775470896568743
0.9701951576273184
3.026030175440473
1.9649201229736064
3.0175596618132348
1.698513174471088
2.6241126314295715
2.9935830046500116
4.238508048997413
2.8248563414129357
2.6148401821196354
0.8333233044006421
-0.8258790891942233
0.6276143415596112
-0.6302513817368137
-0.8362346976803403
-3.230241050959188
-3.360761371496388
-3.2458417302747447
-2.9799029985757644
-3.7318508983949714
-4.461217274323796
-3.6202125797665565
-3.1658660191402337
-3.882842878163537
-2.644403213345731
-4.492059311011837
-3.806226152466543
-4.410752076673507
-3.4340573557936525
-2.479336029248436
-0.9641930343145246
-1.665517159103426
-1.1781015435544002
0.916137943376879
-0.49191748086600884
2.059657154858794
2.4130515990848553
2.8550929024416227
1.9999999206501875
1.7228834727490732
2.0833354116103533
0.5669748822663527
0.4264400657300658
1.5282001980168527
0.796792897371914
2.3316063113276897
2.622248945916372
2.6972937917983186
1.0196116015905534
1.8892313850279983
1.7475349840922632
3.6868699459854533
0.3887673017283039
-0.387619360363663
-0.413346347672306
-1.230540985712208
-1.6412256052965826
-1.9996613343726453
0.10546133587418646
-0.05217768022996918
0.5985906849428195
1.5302276983167884
2.177673119147933
0.2844857775722254
1.5896109322634788
2.0893323172397245
-0.28570505154972015
-0.9298815309825533
-2.295536965809706
-3.107332811103739
-6.128129104755255
-6.310683318751904
-3.4163720757921525
-5.1428466848876395
-2.8179224818732878
-3.9483065263037935
-2.656137964058952
-1.4429979978540923
-3.42123450826449
-0.791372614446767
-1.0691301982848056
-2.1216490515421795
-1.0585671333279314
-1.063826249973514
-1.1379857606671722
-1.8348568792244193
0.21490055826268695
0.7220178950699576
1.3950141482684753
1.603482312762237
4.3768543623986
4.071076192850395
2.431844666871493
5.1957788358383485
4.237931282144562
6.875931245984235
4.941003854118165
3.879931437282881
3.91143715473031
3.2632313581028605
1.6570657394832125
2.167638738273623
1.7118352637792187
2.22221657750511
0.5755248229862713
-0.14379246855103167
-0.6433152815747459
0.0
2.6792177607695105
1.721686942852028
1.7057481726548311
1.7780748828975683
3.525179255127451
4.2949151527778415
4.136949154124089
1.8881078892652576
2.1784945707635743
2.2551208898744943
4.190344659897214
4.073032110949249
4.181427266039446
3.889660369985268
3.015418057176841
3.576440292660384
6.008588561172667
7.343418664207142
6.402870043008376
6.379912865975506
3.737656432018816
4.160781545839898
0.6988199208973337
2.585604754587311
2.5712299839906607
0.4804424174014466
0.3424509073358389
1.372687810533147
1.3755125539033384
1.6540344287968713
1.0224877669323003
0.3373857213877961
0.06803242296593645
0.40845761770710787
0.27230013043879736
-0.3385278285864224
-0.8097088103621028
-0.3353418672074402
0.40568481404930207
-0.2695294019067157
0.8157562183812903
1.6249143844116878
4.3025720876904465
3.2016428458377453
3.116529824068155
4.030054415892862
3.1399345143367325
2.7081820285309077
3.256454436599485
2.7118577165232827
3.03644942166153
2.6899880646366134
4.418745297345261
4.8135583498168675
4.412768369991643
4.3478186800346705
4.421766310833662
3.364727606326972
4.242415209441264
5.405410681687241
5.59676995074319
3.264489906654533
2.9940019418635635
1.980198661091406
2.036784978060245
2.4950805901244477
3.970888946125778
4.152946592240771
5.716160324218483
6.468646080888297
6.352318598591173
6.745233155793835
5.664060572922307
5.174642103771771
6.371917814434255
6.184905477964434
7.035830026596554
6.7057326372550605
4.586573503862286
1.6666475048983977
2.4265694838569565
4.258056719527737
5.361763371181779
5.6310584582616245
5.2801113466912115
3.5233694130741906
3.1826767267035545
1.9620168872106467
0.4972040677973445
-2.355856724992925
-2.647781401253582
-2.208577877197884
-4.374601340537055
-4.182047049479349
-4.7066119891148706
-3.7400393242927925
-3.7127198494285976
-3.7217809896767857
-1.2353308003022303
0.8827297154632412
-0.6234449731819841
-1.3613792497623332
-0.9809982498396708
-0.4901869251441289
-1.4067222492351998
0.9900973732768622
0.8019818016258519
1.8001268225410711
2.5355584420418147
4.9523762648375405
4.427582243686758
2.697614191450532
6.443293799814032
5.584086870649359
5.965365280560346
4.713382988462076
3.6662436647053944
3.485432797891525
1.5634742116709714
-0.0624911647455518
-0.0627332253773219
0.1254664507546681
-1.2383871771664645
-1.416260632721787
-1.3647774512142083
-4.105379800334321
-4.528757183069426
-3.90243234379624
-7.418576358355066
-7.017544380376474
-7.813450338045458
-6.719601332908706
-8.47457582373748
-6.930088612796208
-5.508467850553932
-5.474457395611682
-6.463411464107197
-4.837725408269506
-5.911326543604554
-6.754227413835723
-6.59134250694681
-5.451118862905672
-6.332281679095845
-6.371016327141159
-6.540874741349718
-3.5143779761587597
-2.2436007760551
-3.4263989152910486
-0.13029604242462317
-0.9759203901610154
0.06570089255861208
1.7681654883656817
2.7777779780825482
1.4369582956072915
0.7046710887677756
1.0295992642938117
2.47718172957646
0.772200325230407
1.1780115125709212
4.359495461438848
5.981198132262276
4.3074787165037005
3.882193577592625
4.06938970573822
5.316289208157979
2.6490037773439643
1.1147573566578606
2.431004660597742
2.217872801234985
4.599212914553986
3.808275060569567
1.2226502226114524
1.9305095831764203
1.8029704151981882
-1.0178099488384957
-1.7834373318760814
0.12722234224911438
0.38314328295818006
1.6817541878299997
0.06426526943047459
-1.9657630288541006
-3.621350962095281
-2.1907208754537737
-3.653849843281768
-3.9616617491751147
-3.870968967245367
-2.7042028334902195
-3.5034717173732584
-3.149979312500083
-3.7098958624220892
-4.072124820391188
-2.8061715076203213
-3.2879667390033536
-2.588366704397252
-0.8921671662176351
-0.05850280751961258
-3.1919124203195017
-4.301475267312225
-6.247880696889628
-3.707047686325571
-1.1087443304990465
-0.1595092289099576
-1.0315641870161234
0.7026007544389122
0.09186656294681529
2.7448786594299635
2.7872219078754474
3.864406516785862
3.8306448716058714
4.4577515713060265
6.119709821516022
5.670448251540122
5.392806883908854
4.03973513450084
3.439149165272817
0.7941767446875365
3.8821989207555356
6.305090229289288
8.927324410087664
7.346934011514065
3.335552761055212
3.838376079798618
5.227435390501867
5.053908940718587
7.186446928007138
6.595612364052592
5.158723747909245
3.6553521798058366
2.200652612074289
1.1464978301237765
-0.12673943669793877
0.9469671214448845
1.389753933658612
1.9732671815787666
2.301795665478087
5.121471765313582
2.7061810090892027
1.2755044299625784
0.95299708410833
-0.2534890350419578
1.0974797806020349
-0.2594070633302214
0.25806128130400485
0.577293611645395
-1.2017753868846697
-1.7500014030691722
-0.6918177807426183
1.7632223585256055
1.7732655096204142
1.5743019507391902
2.4746146044889423
1.188247027101015
-1.682234624607318
-1.560547330636755
-2.1875050944773338
-1.4990610482400186
-1.2547062802613023
-0.8816162280906956
1.1327787401327587
2.5412983910351015
2.107285048634451
2.990903447006545
1.9305035905055434
2.0408179961553965
1.7925717351551547
0.5725195511647467
0.0
-1.6089090203496796
-1.866827631661919
-1.8598801912240268
-2.043348788787352
-0.49444128907347085
4.879591946231619
6.658214046957865
8.81788865679675
7.165496635921527
6.353242581764373
4.447282371781598
3.1736182825297803
2.6641841107746456
2.876800499002774
3.724747242545481
3.4722184026060234
2.7500022048229744
2.4528289708734397
2.9727942937711855
4.116532793356
2.8930876512961503
4.058331888334853
3.4112473520513475
5.056901553875472
2.4844708743240274
-0.8459222151131126
-2.259210731031708
-3.934227746873259
-1.7159652542946688
-1.1947314264980027
-0.6082859856428144
-2.352230427993771
-2.3536404756731426
-1.8237129966231391
-5.051738904704373
-5.36912246090077
-5.4136327795965205
-5.7704098450323125
-3.194099459177259
-4.805359798881393
-4.034236391070156
-4.50943980121324
-4.581555358660681
-5.776181331054168
-4.303024348406534
-4.204744005338382
-2.6764011151465383
-1.9559885505372263
-4.214335325977684
-2.9625335704103013
-2.386773278455119
-3.458924930120965
-2.472193231460051
-0.8668705300359276
2.500002227094116
1.9342375765633568
1.0932519651992425
-1.824109304558184
-4.631983622787179
-2.3642226864064866
-1.2738796689651883
-1.0848730725247262
-1.4724690285361122
-1.0217020685899214
-1.7732756648302828
-2.035631871094843
-3.6875029564671715
-5.860357146332265
-5.971092582061684
-8.411203095146538
-9.655173800460624
-6.397951285511165
-6.907480516059877
-7.807620337445736
-8.005000055990735
-8.918416689191162
-8.524176583865012
-3.981416617753361
-5.455752894368847
-7.395287687977538
-6.645166789970092
-10.451618104753262
-11.046139587409176
-11.61291283684093
-11.347516777297662
-11.948052317669191
-14.016880360742407
-13.576156795448172
-13.435823493804882
-15.306124341221054
-16.79389262010341
-14.832537388508907
-12.253226445427456
-9.620593703443776
-9.517332199262556
-7.222214076831408
-9.80528234986657
-8.638555426052676
-6.474315703174054
-8.409890284937482
-7.601938083471718
-2.4495660420495398
-0.43827260319313155
-0.4379488115041739
-1.018186536646622
0.9587029340605424
4.98114073102692
7.5862093257878795
6.409263709702108
9.47791119830113
11.175976075683055
6.420546965145022
1.163689603543819
-2.2488774544696186
-4.2825018204610314
-4.116765925045701
1.4649161302855962
1.6641425370304757
2.25734236225769
6.944450458973159
2.8421946029229392
3.988190572195643
3.3015474888672856
3.8856377669799222
3.8941988091156974
2.045298177092383
1.1502487473484786
2.3504178980085535
4.354140314066432
4.548793359462389
7.126783972541093
6.033179548964491
9.662576806564378
10.199378886697556
12.637369576020719
11.007030774036913
6.838903485042026
3.49702275314553
2.2810830539879023
2.020199799827642
4.654549254195955
3.4090898306298865
3.1960214789540933
0.2822792002846223
-1.8387606133156007
-1.6463979120042715
-3.056146703672837
-5.636741017454923
-7.093183609177666
-4.631579018438037
-4.691877046891263
-2.9871965343552276
-3.4265726345822367
-3.549048964753639
-3.972132415240473
-3.305206547077186
-2.7026974626828086
-3.450757769778643
-2.661876703174215
-2.333806749882744
-5.420438797231873
-6.936815118140109
-5.574670244486168
-4.292751535745136
-3.4582124685512796
-4.002907165143645
-3.4457468525283184
-5.383477823128597
-2.919160128445444
-3.23768530110113
-1.9103577526652833
-2.859243920248774
-4.344681469175325
-5.42598753683527
-4.140106549095739
-3.1187076902360618
-2.9940660449011016
-1.1882911697825755
-2.8941598300305396
-6.259911374752603
-4.733187194072381
-7.2337169418059775
-8.67916400064702
-9.963780376351119
-10.741559306770899
-9.782313183747446
-9.259845034028773
-7.013469548309074
-8.878289318195218
-8.426927518031645
-13.753671752328412
-10.344109954729838
-12.224741788921484
-10.766839483455543
-9.223671369215499
-10.670720930035678
-9.104813342155236
-9.716906508013079
-7.882538649206425
-3.2941287901387164
-3.4455877735248017
-1.6154993022458037
0.8913993351022362
4.394689740439261
5.17827915784535
4.607505504723434
2.888698523145792
3.148940963136473
3.0927738072135096
2.3608806621731246
11.728395892747283
9.230768607774632
11.996496610124572
9.895826193164488
9.06010738288062
8.27643775344849
6.481478978655951
8.98304398919318
7.298657584740733
4.136265984934273
7.2181767677410384
8.620681979739505
7.068277687523504
7.704532636845148
9.039540701163642
8.890700813249076
10.487206784562147
10.726071295614247
13.999999824523199
12.520592144877817
5.998418880627823
7.824733431776104
9.069589575245136
10.663508971334615
8.385096607544194
9.219862863419012
8.142288348351922
6.454127134750111
6.567633262632225
6.85357814805568
5.748854794888862
4.761903246070169
3.450859874495523
0.7374567480765092
-0.8882256878567535
0.5243443891076989
-2.0179438006841655
-1.0432265648545616
-1.754383196926415
-1.1713038081921965
2.0848878644423223
-1.3062388496464352
-2.5806448934797337
-2.2840841604759734
-1.8624662849794809
-2.5252555561387915
-2.192978996158019
-2.264423645038713
-1.8341832242808713
-1.4577210590382916
-3.075814832799039
-4.6897505517454094
-5.2936834649123075
-3.8799347118385126
-4.182224179070313
-5.737702956667678
-3.661321570845888
-5.045177681173029
-7.068459961189073
-6.370369532703321
-8.460980545152267
-8.088239022620064
-9.050768111936993
-8.473337607584169
-8.61313174147948
-6.809765342953253
-7.025414154745198
-5.530646943599482
-3.2884941596522532
-3.7721928655524426
-3.0258248105676078
0.15139755513132191
1.6845207583064186
1.5993820757875379
4.832425880303024
6.640313797453215
8.313536271762448
8.961139875066902
11.369093399970124
10.83861072182981
10.597614712333261
8.880004989717971
8.737862713089301
7.821222220135543
9.424911812399731
8.02224321067854
9.485531077294118
9.731007804788948
7.882534580965269
6.840883967661712
8.143068550608987
1.3605420792775678
0.6024140085992892
2.623691318250827
3.717467433822509
4.151221716561146
3.8742699482008653
1.4556031220312955
-0.43132856813493214
-0.642399139825513
1.8011466852388747
5.290226949514635
8.03570921473703
7.25388792837741
6.788327938638348
8.308817225111888
9.911895958800237
6.993516327940126
6.733520060260437
7.410080097335843
5.277974144672861
9.992544394846831
11.901196734728707
9.203795359391057
7.88531243682599
6.9750904373711355
6.966926611897649
8.393117552746517
9.169664247278888
8.908041912633605
9.129518052763308
7.815764646749958
7.300281020301896
8.212568898715926
6.971974940474332
5.363210898174625
4.141618145046366
4.110509803507006
2.8859128100485467
3.4159373008366294
1.5374265970933911
1.4915290387223874
0.6689046708462769
1.1371249117260431
1.7275660909722066
1.1976028818543878
0.4605296173720447
0.595636327377555
-0.5952354218032098
-0.5277048244917313
-1.0376141000317487
1.4886804852891322
0.8343989212434468
-0.25510722242003486
-3.8977679587017553
-2.7061811915717806
-5.195641656169584
-3.624587578395533
-1.2394018967771374
-2.6554390608563168
2.040820711623731
3.6072156903123385
5.382049234986494
4.563497099497273
2.286090277968328
1.6436569393218599
2.554021598814201
3.8157821960757192
3.9920166112431805
4.111407618041638
2.883351718150141
-0.6377563053719411
0.12730836467091913
0.7033298742861317
4.72075071776896
5.231779966333573
5.2774042464768725
5.641364374600361
2.575958883073227
2.860944304049366
-0.3225829678094926
1.3539579096674585
-0.2522019960675042
-0.2530029090855966
0.5108526350531033
2.457953244740246
1.5964220481961529
0.31686241060233616
-0.06398672169430375
-0.3184669273447154
0.38216836015752476
0.06418531214620499
-1.84361081324864
-2.222231432432762
-2.793657406327318
-0.40906524414063455
1.9922852911694409
-2.5746998217198076
-3.509341648108836
-3.7839551437715198
-4.660193764556049
-4.389307889999861
-5.594188181763975
-4.755866160234207
-4.891990123710464
-4.482319000412334
-3.331239082193887
-3.663932288081347
-1.7285454407029692
-1.6932927756562042
-2.189085314158525
-1.4111643492023875
-1.522018036855785
-0.9740227776192628
-0.1632897066589383
-2.3696687194181854
-1.5122849517695864
2.8711325828307706
4.637980277741688
4.84033534694576
6.890702538366694
1.9627377644949189
3.8500234100276836
1.9640374448317104
1.4028086415324608
0.4296061667440582
-1.6986862206701183
-2.471640848390421
-2.773585101725067
-2.7619067367214316
-2.851534950128622
-1.5681392401222083
-1.1395339666354833
